ID,Adoption,Died,Euthanasia,Return_to_owner,Transfer
1,0.0734,0.0002,0.0614,0.235,0.63
2,0.8256,0.0,0.0052,0.121,0.0482
3,0.156423333333,0.001,0.0034,0.681643333333,0.157533333333
4,0.3133,0.001,0.027,0.2175,0.4412
5,0.3846,0.0,0.008,0.5536,0.0538
6,0.135,0.0002,0.0232,0.71,0.1316
7,0.482213333333,0.0162,0.1236,0.1636,0.214386666667
8,0.596366666667,0.0012,0.0214,0.0382,0.342833333333
9,0.863,0.0,0.0026,0.0434,0.091
10,0.6018,0.0,0.0544333333333,0.298566666667,0.0452
11,0.82,0.0002,0.0012,0.0846,0.094
12,0.0732,0.0006,0.085,0.1832,0.658
13,0.6322,0.0002,0.0296,0.1252,0.2128
14,0.753,0.0008,0.0154,0.085,0.1458
15,0.7844,0.0002,0.0002,0.1982,0.017
16,0.80328,0.0,0.0012,0.12232,0.0732
17,0.2736,0.0022,0.0362,0.514733333333,0.173266666667
18,0.4878,0.0018,0.0222,0.379,0.1092
19,0.217,0.0028,0.032,0.1306,0.6176
20,0.0426,0.0068,0.18,0.0284,0.7422
21,0.40005,0.0024,0.0164,0.2548,0.32635
22,0.0632,0.0006,0.0188,0.00456666666667,0.912833333333
23,0.555,0.0002,0.0042,0.2076,0.233
24,0.0462,0.0026,0.0294,0.0006,0.9212
25,0.773963333333,0.0,0.0052,0.1436,0.0772366666667
26,0.245,0.0046,0.1462,0.0302,0.574
27,0.7233,0.0042,0.0008,0.0072,0.2645
28,0.0672,0.0356,0.192003333333,0.0214,0.683796666667
29,0.532,0.0,0.048,0.2615,0.1585
30,0.0918,0.0,0.014,0.834468095238,0.0597319047619
31,0.2186,0.0026,0.061,0.1466,0.5712
32,0.8045,0.0002,0.0038,0.0452,0.1463
33,0.1828,0.013,0.178493333333,0.0616,0.564106666667
34,0.933233333333,0.0042,0.0026,0.023,0.0369666666667
35,0.4905,0.0130933333333,0.0123,0.0018,0.482306666667
36,0.5306,0.0018,0.0266,0.165,0.276
37,0.1202,0.0042,0.0692,0.0406,0.7658
38,0.8954,0.0,0.001,0.0443,0.0593
39,0.344,0.0,0.0156,0.537,0.1034
40,0.4628,0.0006,0.0392,0.1676,0.3298
41,0.1305,0.0012,0.0162,0.3824,0.4697
42,0.0402,0.02806,0.0235666666667,0.0002,0.907973333333
43,0.471093333333,0.0002,0.0316,0.18784,0.309266666667
44,0.0104,0.008,0.0302,0.0038,0.9476
45,0.1814,0.0084,0.2372,0.0374,0.5356
46,0.511,0.0016,0.0488,0.1194,0.3192
47,0.393283333333,0.0088,0.0496,0.157,0.391316666667
48,0.41135,0.0,0.0206833333333,0.39825,0.169716666667
49,0.3394,0.0,0.038,0.4414,0.1812
50,0.075,0.003,0.0452,0.2426,0.6342
51,0.266533333333,0.0454,0.0398,0.0102,0.638066666667
52,0.2006,0.0042,0.0334,0.6054,0.1564
53,0.95576,0.0032,0.003,0.0138,0.02424
54,0.233516666667,0.0168,0.0197333333333,0.0038,0.72615
55,0.2394,0.0076,0.1896,0.036,0.5274
56,0.550166666667,0.0036,0.0318,0.1647,0.249733333333
57,0.4784,0.0,0.022,0.3586,0.141
58,0.154806666667,0.0168728571429,0.0372,0.0074,0.78372047619
59,0.0022,0.0002,0.032,0.003,0.9626
60,0.6606,0.0002,0.0102,0.0407333333333,0.288266666667
61,0.7138,0.0,0.0312,0.066,0.189
62,0.2036,0.0,0.0823666666667,0.4911,0.222933333333
63,0.397517619048,0.0026,0.0216,0.1838,0.394482380952
64,0.00516666666667,0.0172,0.0422,0.0016,0.933833333333
65,0.012,0.036,0.1072,0.0,0.8448
66,0.7408,0.0,0.0016,0.2052,0.0524
67,0.9168,0.0078,0.0,0.0024,0.073
68,0.1552,0.0048,0.1706,0.3216,0.3478
69,0.4478,0.0026,0.1474,0.334466666667,0.0677333333333
70,0.0042,0.0,0.0084,0.0004,0.987
71,0.028,0.0088,0.0326,0.0116,0.919
72,0.9492,0.0,0.0004,0.0182,0.0322
73,0.1444,0.0042,0.0426,0.0266,0.7822
74,0.287,0.0004,0.018,0.2408,0.4538
75,0.0224,0.0064,0.0296,0.0062,0.9354
76,0.469483333333,0.0782,0.0651166666667,0.032,0.3552
77,0.9048,0.0004,0.005,0.005,0.0848
78,0.1006,0.0014,0.0588,0.0184,0.8208
79,0.5096,0.0002,0.0444,0.2904,0.1554
80,0.7747,0.0072,0.0073,0.0458,0.165
81,0.1826,0.0278,0.079,0.0024,0.7082
82,0.1876,0.002,0.0272,0.0116,0.7716
83,0.643716666667,0.0,0.0234,0.24572,0.0871633333333
84,0.017,0.0144,0.1032,0.0082,0.8572
85,0.3602,0.0002,0.1036,0.381,0.155
86,0.146688333333,0.0266,0.187533333333,0.001,0.638178333333
87,0.094,0.0,0.1294,0.5174,0.2592
88,0.4187,0.0002,0.1684,0.1902,0.2225
89,0.007,0.001,0.1468,0.00221666666667,0.842983333333
90,0.7666,0.001,0.0012,0.023,0.2082
91,0.0214,0.0054,0.1202,0.0126,0.8404
92,0.0048,0.004,0.072,0.004,0.9152
93,0.756866666667,0.0004,0.0178,0.0184666666667,0.206466666667
94,0.4974,0.0,0.0226,0.3746,0.1054
95,0.0426,0.0054,0.0542,0.0482,0.8496
96,0.5726,0.0,0.0096,0.303118333333,0.114681666667
97,0.511,0.0012,0.024,0.317,0.1468
98,0.0018,0.001,0.0014,0.0,0.9958
99,0.601266666667,0.0366,0.0482,0.0105333333333,0.3034
100,0.3739,0.0002,0.0116,0.3518,0.2625
101,0.460296666667,0.0,0.005,0.0136,0.521103333333
102,0.76775,0.0042,0.021,0.0478,0.15925
103,0.526707142857,0.0002,0.0204,0.261692857143,0.191
104,0.4478,0.0004,0.0454,0.196743333333,0.309656666667
105,0.3048,0.0034,0.0058,0.3838,0.3022
106,0.530102380952,0.0006,0.0116,0.3199,0.137797619048
107,0.4254,0.0,0.0274,0.4293,0.1179
108,0.0668,0.0016,0.0676,0.5568,0.3072
109,0.9324,0.001,0.003,0.0054,0.0582
110,0.351483333333,0.0006,0.0226,0.211333333333,0.413983333333
111,0.3772,0.0006,0.0104,0.387,0.2248
112,0.42065,0.0008,0.0246,0.387316666667,0.166633333333
113,0.2384,0.0016,0.0436,0.5214,0.195
114,0.2964,0.0006,0.0484,0.4414,0.2132
115,0.0016,0.0068,0.0204,0.0,0.9712
116,0.5584,0.0004,0.0014,0.2192,0.2206
117,0.8042,0.001,0.0046,0.1472,0.043
118,0.046,0.0134,0.221,0.4292,0.2904
119,0.1438,0.0024,0.0728,0.5974,0.1836
120,0.3446,0.003,0.1488,0.1082,0.3954
121,0.539706666667,0.0,0.0004,0.0082,0.451693333333
122,0.8232,0.0002,0.0048,0.0078,0.164
123,0.874,0.0026,0.0016,0.0562,0.0656
124,0.17085,0.0418,0.06815,0.023,0.6962
125,0.0474,0.0006,0.0724,0.0394,0.8402
126,0.858,0.0004,0.0008,0.1164,0.0244
127,0.1524,0.002,0.0714,0.0232,0.751
128,0.895,0.001,0.0032,0.0304,0.0704
129,0.954056666667,0.0,0.001,0.005,0.0399433333333
130,0.9372,0.001,0.0022,0.0340666666667,0.0255333333333
131,0.5242,0.0,0.0148,0.391133333333,0.0698666666667
132,0.990953333333,0.0,0.0015,0.0,0.00754666666667
133,0.7406,0.0141,0.0092,0.0092,0.2269
134,0.217,0.0028,0.0324,0.6254,0.1224
135,0.687,0.0,0.0152,0.0828,0.215
136,0.4866,0.001,0.0156,0.4062,0.0906
137,0.4128,0.0006,0.0352,0.1588,0.3926
138,0.214866666667,0.00893333333333,0.0365333333333,0.0028,0.736866666667
139,0.434483333333,0.0002,0.0068,0.469716666667,0.0888
140,0.2204,0.0,0.0105,0.15715,0.61195
141,0.626333333333,0.0,0.0076,0.235966666667,0.1301
142,0.2196,0.0108,0.0432,0.0018,0.7246
143,0.2994,0.0,0.034,0.3038,0.3628
144,0.3246,0.0,0.0914,0.4352,0.1488
145,0.376,0.0014,0.0906,0.3316,0.2004
146,0.343886666667,0.0016,0.0992,0.354913333333,0.2004
147,0.387,0.0066,0.0768,0.156,0.3736
148,0.242,0.0,0.0532,0.5724,0.1324
149,0.0016,0.0004,0.0092,0.0008,0.988
150,0.0697904761905,0.00464,0.0068,0.001,0.91776952381
151,0.2406,0.01,0.2332,0.079,0.4372
152,0.0216,0.0042,0.188333333333,0.0292,0.756666666667
153,0.593,0.0006,0.0066,0.1246,0.2752
154,0.0798533333333,0.0026,0.0832,0.318913333333,0.515433333333
155,0.6868,0.0026,0.0012,0.0226,0.2868
156,0.8258,0.0002,0.0014,0.0534,0.1192
157,0.219,0.0,0.0348866666667,0.3896,0.356513333333
158,0.0152,0.0106,0.137639047619,0.0036,0.832960952381
159,0.3518,0.0004,0.028,0.2078,0.412
160,0.4508,0.0008,0.0078,0.2668,0.2738
161,0.4518,0.0008,0.0064,0.1694,0.3716
162,0.581333333333,0.0008,0.0304,0.1214,0.266066666667
163,0.1476,0.0054,0.0563333333333,0.0086,0.782066666667
164,0.9418,0.0,0.0006,0.0062,0.0514
165,0.211,0.0,0.1472,0.39371,0.24809
166,0.760513333333,0.0008,0.007,0.0111,0.220586666667
167,0.6822,0.0006,0.0094,0.1254,0.1824
168,0.664993333333,0.0,0.0024,0.221206666667,0.1114
169,0.421133333333,0.0,0.0042,0.4984,0.0762666666667
170,0.499,0.0008,0.00452,0.05385,0.44183
171,0.0204,0.0068,0.236,0.0222,0.7146
172,0.40155,0.0002,0.0058,0.129,0.46345
173,0.3854,0.0004,0.0976,0.4386,0.078
174,0.3688,0.0146,0.087,0.3934,0.1362
175,0.3868,0.0018,0.012,0.4988,0.1006
176,0.4902,0.0054,0.0106,0.0002,0.4936
177,0.2884,0.002,0.085,0.4674,0.1572
178,0.6242,0.0012,0.036,0.114466666667,0.224133333333
179,0.5914,0.0542,0.0199833333333,0.1524,0.182016666667
180,0.0668,0.0048,0.0914,0.0696,0.7674
181,0.0154,0.0104,0.0248,0.0008,0.9486
182,0.691433333333,0.0054,0.0359666666667,0.0066,0.2606
183,0.3234,0.0,0.0584,0.3556,0.2626
184,0.1494,0.0014,0.0446,0.1734,0.6312
185,0.481,0.0002,0.0042,0.3574,0.1572
186,0.5016,0.0,0.0128,0.4054,0.0802
187,0.0216,0.0028,0.0398,0.002,0.9338
188,0.5476,0.0004,0.02,0.3346,0.0974
189,0.6718,0.0,0.0116,0.0966,0.22
190,0.8662,0.0,0.0068,0.0446,0.0824
191,0.36,0.017,0.0462,0.454666666667,0.122133333333
192,0.459266666667,0.0,0.067,0.328133333333,0.1456
193,0.1378,0.0034,0.0169,0.1738,0.6681
194,0.4506,0.006,0.022,0.0954666666667,0.425933333333
195,0.6836,0.0,0.0018,0.0486,0.266
196,0.387933333333,0.0028,0.0024,0.0195166666667,0.58735
197,0.5884,0.0002,0.0156,0.2644,0.1314
198,0.611664047619,0.0,0.0076,0.174591666667,0.206144285714
199,0.2454,0.0,0.0612,0.4753,0.2181
200,0.4634,0.0,0.0042,0.4088,0.1236
201,0.1674,0.0068,0.026,0.003,0.7968
202,0.290116666667,0.0024,0.03,0.12,0.557483333333
203,0.7396,0.0002,0.0046,0.1903,0.0653
204,0.8056,0.0002,0.0124,0.0532,0.1286
205,0.1374,0.0006,0.0872,0.5326,0.2422
206,0.411,0.002,0.0414,0.0874,0.4582
207,0.4922,0.0,0.0208,0.145133333333,0.341866666667
208,0.2282,0.0036,0.092,0.4126,0.2636
209,0.3304,0.0,0.0274666666667,0.471533333333,0.1706
210,0.4822,0.0006,0.017,0.404033333333,0.0961666666667
211,0.0512,0.0162,0.1106,0.002,0.82
212,0.1526,0.0,0.014,0.386,0.4474
213,0.4566,0.0008,0.0166,0.4314,0.0946
214,0.7152,0.0,0.0042,0.0796,0.201
215,0.0104,0.0066,0.0383466666667,0.002,0.942653333333
216,0.4356,0.0014,0.0096,0.0758,0.4776
217,0.7664,0.0196,0.035,0.0124,0.1666
218,0.373163333333,0.002,0.0704,0.0498,0.504636666667
219,0.454,0.0004,0.0116,0.108,0.426
220,0.3868,0.0004,0.0202,0.4552,0.1374
221,0.0514,0.0034,0.1172,0.4584,0.3696
222,0.039475,0.1362,0.0394,0.0002,0.784725
223,0.377216666667,0.0672,0.0554,0.0066,0.493583333333
224,0.6472,0.0002,0.0038,0.212,0.1368
225,0.1476,0.0042,0.0982,0.5356,0.2144
226,0.820466666667,0.0002,0.0108,0.0666333333333,0.1019
227,0.0663157142857,0.0087,0.0475,0.0,0.877484285714
228,0.1748,0.008,0.0275,0.0082,0.7815
229,0.365,0.0,0.0274,0.3494,0.2582
230,0.0134666666667,0.0048,0.0158,0.0,0.965933333333
231,0.946066666667,0.0,0.0,0.0432,0.0107333333333
232,0.9212,0.0002,0.0022,0.0218,0.0546
233,0.2392,0.0066,0.1514,0.002,0.6008
234,0.1336,0.0026,0.116133333333,0.5172,0.230466666667
235,0.3764,0.0,0.0454,0.4362,0.142
236,0.868706666667,0.0004,0.0002,0.0028,0.127893333333
237,0.5448,0.0008,0.0292,0.2986,0.1266
238,0.0726,0.004,0.11435,0.1168,0.69225
239,0.7964,0.0004,0.0024,0.1612,0.0396
240,0.72,0.002,0.0206,0.0734,0.184
241,0.8956,0.0,0.0058,0.0182,0.0804
242,0.297333333333,0.0008,0.0124,0.467066666667,0.2224
243,0.843266666667,0.0022,0.019,0.00293333333333,0.1326
244,0.28082,0.0018,0.03086,0.1684,0.51812
245,0.227493333333,0.0064,0.1087,0.196056666667,0.46135
246,0.4222,0.0002,0.025,0.350033333333,0.202566666667
247,0.45265,0.0,0.0128,0.0855333333333,0.449016666667
248,0.4726,0.0016,0.0174,0.1598,0.3486
249,0.2106,0.0,0.0206,0.597,0.1718
250,0.8716,0.0065,0.0064,0.0172,0.0983
251,0.0036,0.0,0.0088,0.9444,0.0432
252,0.3652,0.0,0.0996,0.3684,0.1668
253,0.0072,0.002,0.107,0.0086,0.8752
254,0.2822,0.0,0.14225,0.365415714286,0.210134285714
255,0.0044,0.0054,0.0188,0.00361333333333,0.967786666667
256,0.6702,0.0,0.002,0.1246,0.2032
257,0.3758,0.0002,0.1204,0.0914,0.4122
258,0.7114,0.0,0.0006,0.0124,0.2756
259,0.181,0.001,0.0944,0.4908,0.2328
260,0.8042,0.0012,0.0092,0.0438,0.1416
261,0.714766666667,0.0,0.0026,0.1178,0.164833333333
262,0.7718,0.0002,0.051,0.0612,0.1158
263,0.7458,0.0002,0.0036,0.125,0.1254
264,0.3916,0.0002,0.0118,0.308433333333,0.287966666667
265,0.3404,0.01,0.0056,0.4824,0.1616
266,0.3018,0.0064,0.0542,0.1298,0.5078
267,0.0856,0.0124,0.0674166666667,0.0234,0.811183333333
268,0.0088,0.0018,0.1108,0.0035,0.8751
269,0.026,0.0024,0.0212,0.0068,0.9436
270,0.8254,0.0018,0.0056,0.0496,0.1176
271,0.0146,0.0064,0.0316,0.0006,0.9468
272,0.3828,0.0394,0.1644,0.04,0.3734
273,0.0908,0.0242,0.0366,0.4622,0.3862
274,0.3474,0.0008,0.1006,0.1544,0.3968
275,0.212,0.0072,0.363433333333,0.0674,0.349966666667
276,0.004,0.0008,0.1298,0.0012,0.8642
277,0.2191,0.0116,0.0546,0.0134,0.7013
278,0.1776,0.0184,0.0946,0.1055,0.6039
279,0.43877,0.0016,0.0074,0.1626,0.38963
280,0.122333333333,0.0103,0.0304,0.0994666666667,0.7375
281,0.6612,0.0,0.0208,0.157,0.161
282,0.2456,0.0,0.0442,0.4348,0.2754
283,0.0138,0.0066,0.0082,0.006,0.9654
284,0.2426,0.0,0.0,0.0026,0.7548
285,0.1564,0.001,0.164,0.4364,0.2422
286,0.2129,0.0,0.0664,0.3195,0.4012
287,0.1644,0.0210333333333,0.0426,0.0014,0.770566666667
288,0.0366,0.0094,0.0318,0.0128,0.9094
289,0.4958,0.001,0.0066,0.3613,0.1353
290,0.4508,0.0016,0.034,0.399933333333,0.113666666667
291,0.75515,0.002,0.0244,0.0266,0.19185
292,0.9908,0.0,0.0004,0.0014,0.0074
293,0.7368,0.0006,0.0182,0.092,0.1524
294,0.0826633333333,0.005,0.1454,0.1384,0.628536666667
295,0.3036,0.0,0.107750952381,0.516482380952,0.0721666666667
296,0.0372,0.0018,0.029,0.0098,0.9222
297,0.397,0.0026,0.0326,0.4842,0.0836
298,0.1332,0.0102,0.1268,0.0682,0.6616
299,0.754826666667,0.0004,0.003,0.120873333333,0.1209
300,0.105066666667,0.0,0.0086,0.694916666667,0.191416666667
301,0.3214,0.0014,0.0134033333333,0.602155238095,0.0616414285714
302,0.741433333333,0.001,0.0018,0.0154,0.240366666667
303,0.89692,0.0,0.00528,0.0174,0.0804
304,0.4676,0.003,0.0386,0.2708,0.22
305,0.0184,0.011,0.3566,0.032,0.582
306,0.3812,0.0002,0.1784,0.3906,0.0496
307,0.8572,0.0006,0.0016,0.0406,0.1
308,0.256953333333,0.0012,0.024,0.2702,0.447646666667
309,0.808,0.0004,0.0008,0.0794,0.1114
310,0.261296666667,0.0194,0.0242,0.0014,0.693703333333
311,0.3176,0.0,0.0454,0.185,0.452
312,0.7752,0.0006,0.0388,0.0146,0.1708
313,0.08972,0.003,0.0896,0.003,0.81468
314,0.331,0.0,0.0312,0.318,0.3198
315,0.1957,0.0016,0.009,0.0161,0.7776
316,0.5972,0.0,0.0074,0.3492,0.0462
317,0.512,0.0002,0.0114,0.339,0.1374
318,0.6752,0.0026,0.0142,0.0841633333333,0.223836666667
319,0.009,0.0006,0.0148,0.001,0.9746
320,0.398733333333,0.0004,0.0344,0.4492,0.117266666667
321,0.2258,0.0012,0.0294,0.2162,0.5274
322,0.102,0.0074,0.017,0.0092,0.8644
323,0.0614,0.0018,0.0342,0.0092,0.8934
324,0.752335714286,0.00591666666667,0.013,0.0486,0.180147619048
325,0.881733333333,0.0002,0.0044,0.0110333333333,0.102633333333
326,0.544202857143,0.0,0.00159714285714,0.0012,0.453
327,0.7952,0.0,0.0016,0.0536,0.1496
328,0.2821,0.0004,0.0818,0.3968,0.2389
329,0.7988,0.0002,0.005,0.1344,0.0616
330,0.0956,0.0006,0.0334,0.1746,0.6958
331,0.4414,0.0002,0.0834,0.3186,0.1564
332,0.0004,0.0012,0.012,0.0,0.9864
333,0.94643,0.0002,0.0044,0.0182,0.03077
334,0.267,0.0002,0.003,0.008,0.7218
335,0.0668,0.1832,0.0674,0.0168,0.6658
336,0.953566666667,0.0,0.0,0.0012,0.0452333333333
337,0.0435,0.0088,0.3924,0.0454,0.5099
338,0.41,0.0056,0.0218,0.145,0.4176
339,0.1564,0.0406,0.0884,0.1168,0.5978
340,0.3908,0.0052,0.2482,0.208873333333,0.146926666667
341,0.1482,0.005,0.0534,0.0288,0.7646
342,0.900020952381,0.0006,0.0022,0.0132,0.083979047619
343,0.0874,0.0214,0.4078,0.0776,0.4058
344,0.6584,0.0,0.0064,0.2386,0.0966
345,0.860933333333,0.0,0.002,0.0278,0.109266666667
346,0.3474,0.0004,0.0702,0.382,0.2
347,0.13822,0.0008,0.0194,0.7845,0.05708
348,0.0781,0.0262,0.0142,0.0062,0.8753
349,0.1162,0.0004,0.0868333333333,0.6634,0.133166666667
350,0.4528,0.0018,0.1004,0.2606,0.1844
351,0.559,0.0008,0.008,0.2224,0.2098
352,0.082,0.001,0.0363333333333,0.0096,0.871066666667
353,0.238,0.0046,0.0205,0.607066666667,0.129833333333
354,0.7146,0.0044,0.0048,0.0112,0.265
355,0.6034,0.0,0.0016,0.197,0.198
356,0.0180633333333,0.116,0.1826,0.0,0.683336666667
357,0.4322,0.001,0.051,0.104,0.4118
358,0.6106,0.0002,0.00587,0.0242,0.35913
359,0.481666666667,0.0325333333333,0.058,0.0004,0.4274
360,0.6358,0.0006,0.0184,0.0292,0.316
361,0.8856,0.0002,0.0004,0.0158,0.098
362,0.0792,0.0178,0.03352,0.2664,0.60308
363,0.2768,0.0004,0.0432,0.4765,0.2031
364,0.652933333333,0.0035,0.0098,0.084,0.249766666667
365,0.3502,0.0,0.0064,0.0752,0.5682
366,0.0268,0.01,0.321,0.013,0.6292
367,0.706,0.0022,0.0162,0.0238,0.2518
368,0.1246,0.0036,0.367,0.1444,0.3604
369,0.0202,0.0176,0.1736,0.0076,0.781
370,0.478,0.0002,0.008,0.0506,0.4632
371,0.5363,0.0,0.0508,0.2165,0.1964
372,0.6144,0.0,0.0178,0.1494,0.2184
373,0.9901,0.0,0.0001,0.0094,0.0004
374,0.352,0.0,0.0696,0.33,0.2484
375,0.0496,0.0062,0.06505,0.0086,0.87055
376,0.3904,0.0004,0.0202,0.398366666667,0.190633333333
377,0.4548,0.0,0.11887,0.15555,0.27078
378,0.6986,0.0,0.0186,0.258,0.0248
379,0.3715,0.0006,0.0066,0.1192,0.5021
380,0.286057936508,0.0418,0.0122,0.0068,0.653142063492
381,0.7986,0.0078,0.0372,0.0224,0.134
382,0.012,0.0088,0.0568,0.00413333333333,0.918266666667
383,0.0204,0.0278,0.1044,0.0076,0.8398
384,0.0436,0.0026,0.1838,0.0328,0.7372
385,0.53712,0.0066,0.006,0.33308,0.1172
386,0.0926,0.0012,0.0334,0.6396,0.2332
387,0.2014,0.2178,0.0736,0.001,0.5062
388,0.77655,0.0,0.0008,0.18185,0.0408
389,0.8752,0.0002,0.00497,0.015,0.10463
390,0.954473333333,0.0002,0.0192,0.003,0.0231266666667
391,0.0774,0.0022,0.1706,0.484533333333,0.265266666667
392,0.0896,0.0078,0.0316,0.0163,0.8547
393,0.922933333333,0.0,0.000866666666667,0.008,0.0682
394,0.0122,0.004,0.0358,0.0118,0.9362
395,0.1084,0.0002,0.0624,0.588,0.241
396,0.209,0.0,0.0852,0.5678,0.138
397,0.0686,0.0004,0.2454,0.436,0.2496
398,0.637998333333,0.0477933333333,0.025,0.0086,0.280608333333
399,0.5546,0.0012,0.0072,0.311893333333,0.125106666667
400,0.6902,0.0122,0.0426,0.063,0.192
401,0.855,0.0064,0.008,0.011,0.1196
402,0.6558,0.0,0.0034,0.2026,0.1382
403,0.6766,0.0,0.0134,0.2262,0.0838
404,0.016,0.0338,0.0758,0.0048,0.8696
405,0.223883333333,0.0022,0.0285,0.0268166666667,0.7186
406,0.276,0.001,0.0548,0.4032,0.265
407,0.474,0.0008,0.0208,0.0706,0.4338
408,0.1538,0.0,0.0832,0.53018,0.23282
409,0.9476,0.0004,0.0008,0.0396,0.0116
410,0.1568,0.0228566666667,0.073,0.0082,0.739143333333
411,0.1386,0.0176,0.0678,0.4992,0.2768
412,0.942216666667,0.0004,0.0032,0.0046,0.0495833333333
413,0.63,0.0032,0.006,0.25361,0.10719
414,0.95172,0.0004,0.0052,0.0182,0.02448
415,0.3428,0.0,0.1208,0.3502,0.1862
416,0.989,0.0,0.0002,0.0044,0.0064
417,0.436,0.0,0.0068,0.2288,0.3284
418,0.217,0.0,0.0226,0.2374,0.523
419,0.9044,0.001,0.0018,0.014,0.0788
420,0.6284,0.0,0.0104,0.0676,0.2936
421,0.891,0.0,0.0014,0.0448,0.0628
422,0.041,0.0088,0.0748,0.0,0.8754
423,0.1042,0.19885,0.1396,0.0006,0.55675
424,0.912,0.0028,0.0018,0.012,0.0714
425,0.496,0.0262,0.03,0.0592,0.3886
426,0.0678,0.0228,0.2318,0.1224,0.5552
427,0.8786,0.006,0.0218,0.0066,0.087
428,0.0538,0.0154,0.2874,0.0054,0.638
429,0.0666,0.0074,0.0036,0.0804,0.842
430,0.0218,0.0014,0.0258533333333,0.0014,0.949546666667
431,0.4524,0.0008,0.0078,0.1772,0.3618
432,0.2632,0.0,0.0626,0.4938,0.1804
433,0.66675,0.0004,0.049,0.1374,0.14645
434,0.4852,0.0,0.0526,0.3298,0.1324
435,0.0047,0.0086,0.0684,0.0044,0.9139
436,0.004,0.0,0.0052,0.0008,0.99
437,0.5084,0.0042,0.004,0.0244,0.459
438,0.4696,0.0,0.0116,0.2724,0.2464
439,0.0026,0.0026,0.008,0.00338333333333,0.983416666667
440,0.3022,0.0,0.0032,0.1394,0.5552
441,0.0466,0.0404,0.0926,0.114733333333,0.705666666667
442,0.525323333333,0.0,0.0118,0.186,0.276876666667
443,0.8952,0.0054,0.00380238095238,0.0256,0.0699976190476
444,0.3268,0.0002,0.082,0.51855,0.07245
445,0.619,0.0008,0.0136,0.3204,0.0462
446,0.70605,0.0,0.002,0.13166952381,0.16028047619
447,0.4869,0.0132,0.0572,0.1326,0.3101
448,0.108066666667,0.037,0.0353,0.0052,0.814433333333
449,0.5407,0.0246,0.0416,0.007,0.3861
450,0.3022,0.0152,0.0214,0.0912,0.57
451,0.0102,0.0004,0.0244,0.001,0.964
452,0.258246666667,0.0006,0.0644,0.1228,0.553953333333
453,0.561,0.0,0.0016,0.397,0.0404
454,0.0098,0.0006,0.0598,0.012,0.9178
455,0.48745,0.0018,0.09095,0.231723333333,0.188076666667
456,0.622,0.0,0.0308,0.295666666667,0.0515333333333
457,0.864,0.0006,0.0138,0.0222,0.0994
458,0.0778,0.0028,0.263,0.2702,0.3862
459,0.623517619048,0.0004,0.0022,0.014,0.359882380952
460,0.0643,0.0266,0.0636,0.0108,0.8347
461,0.6264,0.0,0.0066,0.3082,0.0588
462,0.293266666667,0.0004,0.0126,0.485933333333,0.2078
463,0.021,0.0604,0.0332,0.0,0.8854
464,0.1108,0.0008,0.0798,0.238766666667,0.569833333333
465,0.5501,0.0002,0.00473333333333,0.3862,0.0587666666667
466,0.6468,0.0,0.0194,0.261,0.0728
467,0.039,0.0034,0.281,0.1896,0.487
468,0.59874,0.0006,0.0538,0.22586,0.121
469,0.576,0.006,0.0396,0.1398,0.2386
470,0.3736,0.0006,0.037,0.0657333333333,0.523066666667
471,0.124,0.0544,0.3112,0.0034,0.507
472,0.0298,0.013,0.4336,0.1485,0.3751
473,0.9176,0.0004,0.0104,0.0076,0.064
474,0.324093333333,0.0002,0.078990952381,0.532715714286,0.064
475,0.6912,0.0,0.0012,0.192,0.1156
476,0.9018,0.0,0.003,0.0286,0.0666
477,0.0038,0.0008,0.0704,0.0016,0.9234
478,0.5122,0.0,0.0674,0.2208,0.1996
479,0.0022,0.0046,0.0164,0.0,0.9768
480,0.9279,0.0022,0.0024,0.0047,0.0628
481,0.0356,0.001,0.16395,0.452833333333,0.346616666667
482,0.1142,0.0178,0.0837,0.279,0.5053
483,0.3696,0.0034,0.0228,0.4613,0.1429
484,0.0996,0.0376,0.0748,0.0382,0.7498
485,0.738,0.03,0.0166,0.1084,0.107
486,0.0956,0.0022,0.2294,0.398,0.2748
487,0.9214,0.0006,0.0012,0.0302,0.0466
488,0.777633333333,0.0014,0.0058,0.114933333333,0.100233333333
489,0.212296666667,0.022,0.0348,0.0116,0.719303333333
490,0.0094,0.0358,0.0678,0.0002,0.8868
491,0.0366,0.0026,0.0225866666667,0.002,0.936213333333
492,0.04,0.0008,0.111,0.4618,0.3864
493,0.2986,0.0002,0.0172,0.6114,0.0726
494,0.5874,0.0004,0.0068,0.3374,0.068
495,0.1608,0.0162,0.0102,0.1056,0.7072
496,0.4846,0.0008,0.0272,0.131,0.3564
497,0.0706871428571,0.0004,0.005,0.6258,0.298112857143
498,0.3776,0.0006,0.0222,0.1794,0.4202
499,0.904683333333,0.0004,0.00308333333333,0.0222,0.0696333333333
500,0.2969,0.0,0.0812,0.2889,0.333
501,0.8002,0.01,0.0404,0.0198,0.1296
502,0.5162,0.0,0.0202,0.343,0.1206
503,0.356,0.0138,0.0728,0.0242,0.5332
504,0.889191666667,0.0048,0.0102,0.009,0.0868083333333
505,0.1926,0.0022,0.0424,0.6524,0.1104
506,0.4528,0.0004,0.0312,0.3217,0.1939
507,0.1526,0.0026,0.2134,0.3634,0.268
508,0.51304,0.0,0.0366,0.29616,0.1542
509,0.4414,0.0034,0.1154,0.3258,0.114
510,0.73607,0.0,0.0405966666667,0.0038,0.219533333333
511,0.5374,0.0002,0.0134,0.1172,0.3318
512,0.1764,0.0014,0.09,0.594,0.1382
513,0.7784,0.0,0.0126,0.1637,0.0453
514,0.0848,0.0074,0.0184,0.0032,0.8862
515,0.2728,0.0016,0.034,0.4806,0.211
516,0.4036,0.0034,0.0358,0.2529,0.3043
517,0.169,0.0046,0.0572,0.0578,0.7114
518,0.4562,0.0018,0.0538,0.0854,0.4028
519,0.017,0.002,0.0334,0.0008,0.9468
520,0.0252,0.021,0.0822,0.009,0.8626
521,0.633,0.0002,0.0182,0.215393333333,0.133206666667
522,0.449323333333,0.0008,0.0072,0.158733333333,0.383943333333
523,0.8572,0.0,0.0168,0.0618,0.0642
524,0.336716666667,0.0026,0.0576,0.2128,0.390283333333
525,0.739496666667,0.0028,0.0018,0.0048,0.251103333333
526,0.1822,0.0006,0.066,0.571,0.1802
527,0.4756,0.0,0.0098,0.367186666667,0.147413333333
528,0.2036,0.0,0.0318,0.5778,0.1868
529,0.0222,0.0018,0.0336,0.0028,0.9396
530,0.883413333333,0.0096,0.0028,0.013,0.0911866666667
531,0.0268,0.0286,0.1012,0.0016,0.8418
532,0.292,0.0004,0.0072,0.6726,0.0278
533,0.9048,0.0012,0.0021,0.0016,0.0903
534,0.6818,0.004,0.0494,0.0404,0.2244
535,0.0074,0.1477,0.0424,0.0032,0.7993
536,0.7172,0.0012,0.0135333333333,0.0174,0.250666666667
537,0.71905,0.0,0.0002,0.20915,0.0716
538,0.404886666667,0.0,0.0142,0.1644,0.416513333333
539,0.3602,0.0002,0.0392,0.4072,0.1932
540,0.0568,0.0004,0.2152,0.331,0.3966
541,0.0188,0.0004,0.0237785714286,0.8856,0.0714214285714
542,0.0604,0.0008,0.0868,0.0316,0.8204
543,0.8964,0.0012,0.0036,0.0166,0.0822
544,0.0134,0.0116,0.0618,0.001,0.9122
545,0.0108,0.0014,0.024,0.0,0.9638
546,0.7502,0.0002,0.0076,0.199,0.043
547,0.0652,0.0014,0.0424,0.0148,0.8762
548,0.744,0.0,0.0114,0.1234,0.1212
549,0.0826,0.0194,0.4462,0.0954,0.3564
550,0.0054,0.0108,0.0595704761905,0.0002,0.92402952381
551,0.3178,0.0018,0.0212666666667,0.250533333333,0.4086
552,0.616723809524,0.0,0.1326,0.0944,0.156276190476
553,0.55214,0.001,0.016,0.2174,0.21346
554,0.7774,0.0002,0.0036,0.0496,0.1692
555,0.019,0.002,0.0624,0.0046,0.912
556,0.238,0.0022,0.0862,0.0512,0.6224
557,0.0872,0.0034,0.0844,0.4618,0.3632
558,0.7333,0.0004,0.002,0.1258,0.1385
559,0.9438,0.001,0.0044,0.0126,0.0382
560,0.5268,0.003,0.0784,0.2982,0.0936
561,0.3706,0.0004,0.0181,0.5124,0.0985
562,0.18,0.0018,0.0608,0.6925,0.0649
563,0.0698,0.0,0.2918,0.2522,0.3862
564,0.67261,0.0,0.0216,0.2285,0.07729
565,0.0022,0.0004,0.0042,0.0002,0.993
566,0.6092,0.0,0.0034,0.1412,0.2462
567,0.0564,0.001,0.0994,0.0548,0.7884
568,0.6756,0.001,0.0078,0.2068,0.1088
569,0.493963333333,0.0,0.0538,0.226,0.226236666667
570,0.645,0.0,0.0134,0.1546,0.187
571,0.8268,0.0,0.0038,0.113,0.0564
572,0.4382,0.0,0.0712,0.382466666667,0.108133333333
573,0.0654,0.0008,0.2198,0.1608,0.5532
574,0.0242,0.0134,0.3322,0.001,0.6292
575,0.8638,0.0056,0.004,0.0266,0.1
576,0.9576,0.0,0.0,0.0024,0.04
577,0.3488,0.0002,0.066,0.4116,0.1734
578,0.16427,0.0,0.0002,0.002,0.83353
579,0.0306,0.0468,0.0620266666667,0.0068,0.853773333333
580,0.5838,0.0,0.002,0.34915,0.06505
581,0.3548,0.0002,0.0078,0.521,0.1162
582,0.009,0.0004,0.033,0.002,0.9556
583,0.3726,0.0006,0.0148,0.501993333333,0.110006666667
584,0.756843333333,0.0002,0.0114,0.0799566666667,0.1516
585,0.3331,0.002,0.0096,0.134,0.5213
586,0.2857,0.064,0.1,0.0018,0.5485
587,0.797,0.001,0.0094,0.018,0.1746
588,0.066,0.0126,0.1376,0.0528,0.731
589,0.1776,0.0004,0.0108,0.1118,0.6994
590,0.40975,0.0002,0.0098,0.5006,0.07965
591,0.366463333333,0.0,0.0353080952381,0.405008571429,0.19322
592,0.3962,0.003,0.0418,0.4062,0.1528
593,0.165,0.0232,0.0976,0.0094,0.7048
594,0.1388,0.0006,0.137733333333,0.488023809524,0.234842857143
595,0.669,0.0016,0.0036,0.071,0.2548
596,0.277,0.0004,0.0208,0.3366,0.3652
597,0.873933333333,0.003,0.0344,0.0600666666667,0.0286
598,0.3526,0.0006,0.043,0.2624,0.3414
599,0.844,0.0002,0.0022,0.0656,0.088
600,0.238166666667,0.3156,0.0922,0.0032,0.350833333333
601,0.00123333333333,0.0006,0.0062,0.0031,0.988866666667
602,0.659426666667,0.0,0.0124,0.202973333333,0.1252
603,0.471316666667,0.0018,0.0496,0.232,0.245283333333
604,0.0776,0.0004,0.1222,0.5318,0.268
605,0.0086,0.003,0.006,0.0016,0.9808
606,0.0074,0.1422,0.0439333333333,0.0026,0.803866666667
607,0.4834,0.0062,0.0108,0.0872,0.4124
608,0.209,0.0034,0.1866,0.0432,0.5578
609,0.0136,0.0104,0.04136,0.0002,0.93444
610,0.108466666667,0.0016,0.0688,0.2136,0.607533333333
611,0.6588,0.002,0.0062,0.0988,0.2342
612,0.4668,0.0,0.0138,0.1466,0.3728
613,0.756016666667,0.0012,0.0276,0.0312,0.183983333333
614,0.354066666667,0.006,0.0232,0.135,0.481733333333
615,0.76863,0.0022,0.0028,0.0154,0.21097
616,0.2328,0.0252,0.0724,0.525,0.1446
617,0.889333333333,0.0006,0.0152,0.0472666666667,0.0476
618,0.363429047619,0.0,0.0736933333333,0.26072952381,0.302148095238
619,0.9724,0.0,0.0006,0.006,0.021
620,0.984933333333,0.0,0.0012,0.0018,0.0120666666667
621,0.0998,0.0052,0.0972,0.021,0.7768
622,0.6826,0.0066,0.0248,0.1314,0.1546
623,0.211983333333,0.0134,0.249,0.0274,0.498216666667
624,0.29995,0.0,0.0352,0.4502,0.21465
625,0.323566666667,0.0002,0.0122,0.329833333333,0.3342
626,0.2432,0.0014,0.0308,0.062,0.6626
627,0.335736666667,0.0006,0.0796,0.2144,0.369663333333
628,0.0978,0.0266,0.2098,0.0004,0.6654
629,0.4226,0.0,0.0237,0.47335,0.08035
630,0.0664,0.0132,0.025,0.0144,0.881
631,0.29,0.0008,0.0808,0.4218,0.2066
632,0.6876,0.0,0.0336,0.1106,0.1682
633,0.698333333333,0.0002,0.0150666666667,0.03,0.2564
634,0.5642,0.0024,0.0216,0.0322,0.3796
635,0.0016,0.0216,0.0072,0.0002,0.9694
636,0.313,0.0006,0.0196,0.0044,0.6624
637,0.106858809524,0.0072,0.0,0.0014,0.884541190476
638,0.5845,0.0002,0.0092,0.227933333333,0.178166666667
639,0.1014,0.002,0.0392,0.0066,0.8508
640,0.804877698413,0.0004,0.001,0.0428,0.150922301587
641,0.130693333333,0.0256,0.1876,0.0028,0.653306666667
642,0.1383,0.0169466666667,0.0422,0.0,0.802553333333
643,0.0024,0.0044,0.004,0.0,0.9892
644,0.541166666667,0.0088,0.0102,0.384833333333,0.055
645,0.884,0.0006,0.005,0.011,0.0994
646,0.4566,0.0002,0.0342,0.2917,0.2173
647,0.303,0.0,0.0324,0.3262,0.3384
648,0.05,0.0184,0.0616,0.0004,0.8696
649,0.0728352380952,0.0036,0.0638,0.0474,0.812364761905
650,0.008,0.0198,0.0319433333333,0.002,0.938256666667
651,0.0038,0.006,0.299766666667,0.0056,0.684833333333
652,0.7172,0.0,0.001,0.2422,0.0396
653,0.2152,0.0,0.0382,0.454433333333,0.292166666667
654,0.696,0.0,0.0172,0.044,0.2428
655,0.9995,0.0,0.0001,0.0,0.0004
656,0.0874,0.007,0.0176,0.0726,0.8154
657,0.0898,0.0114,0.0554,0.027,0.8164
658,0.6554,0.0,0.0232,0.268,0.0534
659,0.849883333333,0.0018,0.0115166666667,0.0068,0.13
660,0.731166666667,0.0,0.0252,0.140733333333,0.1029
661,0.0106,0.0062,0.06,0.0054,0.9178
662,0.7304,0.0016,0.0224,0.0628,0.1828
663,0.220782857143,0.0,0.008,0.06495,0.706267142857
664,0.2776,0.001,0.0104,0.5022,0.2088
665,0.5434,0.0,0.0236,0.2922,0.1408
666,0.9254,0.0,0.001,0.0404,0.0332
667,0.402513333333,0.0086,0.126,0.1866,0.276286666667
668,0.5964,0.0,0.0132,0.266,0.1244
669,0.3596,0.0,0.0996,0.381,0.1598
670,0.7466,0.0,0.0314,0.1666,0.0554
671,0.1146,0.0384,0.003,0.0016,0.8424
672,0.479,0.0,0.0058,0.1832,0.332
673,0.0098,0.0024,0.0196,0.0024,0.9658
674,0.584453333333,0.0,0.0162,0.164763333333,0.234583333333
675,0.491533333333,0.0022,0.0374,0.203933333333,0.264933333333
676,0.0024,0.0006,0.0342,0.0002,0.9626
677,0.0386,0.0142,0.0744,0.0,0.8728
678,0.5014,0.0012,0.0722,0.108,0.3172
679,0.2128,0.005,0.0510128571429,0.0702,0.660987142857
680,0.2622,0.0066,0.0954666666667,0.221096666667,0.414636666667
681,0.1776,0.002,0.0214,0.3074,0.4916
682,0.667,0.0,0.0252,0.2763,0.0315
683,0.8646,0.001,0.0094,0.0346,0.0904
684,0.8084,0.0016,0.0032,0.109,0.0778
685,0.4244,0.0,0.0576,0.4134,0.1046
686,0.681636666667,0.0,0.0726,0.183163333333,0.0626
687,0.0076,0.0042,0.0462,0.0024,0.9396
688,0.8108,0.0038,0.0104,0.0268,0.1482
689,0.4612,0.0092,0.033,0.2782,0.2184
690,0.7592,0.0044,0.026,0.0176,0.1928
691,0.5426,0.0,0.0152,0.245043333333,0.197156666667
692,0.42865,0.001,0.0144,0.0832,0.47275
693,0.354,0.0,0.0292,0.524,0.0928
694,0.2918,0.0006,0.0228,0.5062,0.1786
695,0.403,0.003,0.0554,0.4162,0.1224
696,0.0914,0.0188,0.1662,0.0078,0.7158
697,0.209,0.0002,0.2734,0.3196,0.1978
698,0.0248,0.0002,0.1614,0.0052,0.8084
699,0.148933333333,0.0038,0.0246666666667,0.3318,0.4908
700,0.0536,0.0004,0.1004,0.3404,0.5052
701,0.2074,0.0282,0.2608,0.0924,0.4112
702,0.873733333333,0.0,0.000813333333333,0.0481866666667,0.0772666666667
703,0.161847619048,0.0032,0.0261523809524,0.0002,0.8086
704,0.3436,0.0018,0.0236,0.0098,0.6212
705,0.420493333333,0.0084,0.006,0.0710166666667,0.49409
706,0.92632,0.006,0.003,0.0092,0.05548
707,0.437,0.006,0.1794,0.2166,0.161
708,0.0944,0.0014,0.0112,0.1162,0.7768
709,0.6446,0.0,0.008,0.3136,0.0338
710,0.610533333333,0.0,0.013,0.296066666667,0.0804
711,0.5074,0.0,0.0198,0.292,0.1808
712,0.928085873016,0.0004,0.00426666666667,0.0064,0.0608474603175
713,0.0014,0.0008,0.0125966666667,0.0004,0.984803333333
714,0.4252,0.0004,0.0802,0.2932,0.201
715,0.178283333333,0.0004,0.015,0.153366666667,0.65295
716,0.578,0.0,0.001,0.1406,0.2804
717,0.9792,0.0002,0.0004,0.0028,0.0174
718,0.1592,0.002,0.0872,0.0044,0.7472
719,0.3852,0.0,0.0516,0.39565,0.16755
720,0.8426,0.001,0.0102,0.055,0.0912
721,0.3464,0.0004,0.0046,0.1484,0.5002
722,0.37015,0.0012,0.001,0.003,0.62465
723,0.9568,0.0026,0.0004,0.0008,0.0394
724,0.3844,0.001,0.0578,0.31645,0.24035
725,0.897343333333,0.0004,0.0,0.0151,0.0871566666667
726,0.5586,0.0,0.0036,0.3306,0.1072
727,0.26,0.0002,0.0204,0.4156,0.3038
728,0.3318,0.0,0.0404,0.5164,0.1114
729,0.993,0.0,0.0,0.0004,0.0066
730,0.9454,0.0112,0.0002,0.006,0.0372
731,0.1066,0.1352,0.0706,0.001,0.6866
732,0.34136,0.0,0.0826666666667,0.4069,0.169073333333
733,0.0326,0.0448,0.1824,0.0014,0.7388
734,0.328,0.0,0.0422666666667,0.529333333333,0.1004
735,0.0562,0.0,0.0744,0.5044,0.365
736,0.881083333333,0.0006,0.00731666666667,0.0022,0.1088
737,0.098,0.004,0.2552,0.366,0.2768
738,0.513133333333,0.0222,0.0728666666667,0.025,0.3668
739,0.0828,0.0056,0.0598,0.0066,0.8452
740,0.9022,0.001,0.0032,0.0204,0.0732
741,0.2996,0.0014,0.1238,0.1788,0.3964
742,0.7863,0.0144,0.0509666666667,0.0947333333333,0.0536
743,0.301633333333,0.0018,0.0084,0.0756,0.612566666667
744,0.201622777778,0.0358,0.0162,0.0042,0.742177222222
745,0.561,0.0032,0.0144,0.17245,0.24895
746,0.0116,0.0006,0.0272,0.0076,0.953
747,0.7178,0.0,0.0024,0.1496,0.1302
748,0.444,0.0096,0.0926,0.1862,0.2676
749,0.5114,0.0008,0.0742,0.2198,0.1938
750,0.1012,0.0056,0.0384,0.002,0.8528
751,0.482866666667,0.0,0.0056,0.423333333333,0.0882
752,0.146,0.0084,0.0209333333333,0.0064,0.818266666667
753,0.1484,0.0366,0.1146,0.2026,0.4978
754,0.756,0.0002,0.0038,0.2058,0.0342
755,0.8098,0.0,0.0242,0.1128,0.0532
756,0.4152,0.0008,0.0532,0.4512,0.0796
757,0.042,0.0,0.0986,0.395766666667,0.463633333333
758,0.0792,0.0038,0.1248,0.7056,0.0866
759,0.2694,0.0002,0.22953,0.323403333333,0.177466666667
760,0.283,0.0,0.0012,0.0036,0.7122
761,0.6284,0.0008,0.0498,0.0736,0.2474
762,0.487066666667,0.0014,0.0482,0.009,0.454333333333
763,0.0457,0.0084,0.0406,0.0106,0.8947
764,0.0626,0.0124,0.1082,0.0296,0.7872
765,0.0184,0.0032,0.0984133333333,0.0016,0.878386666667
766,0.649815238095,0.0,0.0290514285714,0.0026,0.318533333333
767,0.0004,0.0012,0.01,0.0008,0.9876
768,0.2936,0.0006,0.1832,0.3082,0.2144
769,0.0212,0.0032,0.0254,0.0018,0.9484
770,0.0148,0.0136,0.1378,0.0014,0.8324
771,0.769266666667,0.0004,0.0008,0.041,0.188533333333
772,0.0561,0.025,0.3296,0.03,0.5593
773,0.47,0.0,0.0072,0.38,0.1428
774,0.502666666667,0.0028,0.0404,0.23755,0.216583333333
775,0.02,0.0022,0.1284,0.0178,0.8316
776,0.6356,0.0014,0.0604,0.1258,0.1768
777,0.1262,0.0034,0.1466,0.4962,0.2276
778,0.2384,0.0006,0.0786,0.40765,0.27475
779,0.5628,0.0002,0.0132,0.2612,0.1626
780,0.36655047619,0.02286,0.0212,0.0078,0.58158952381
781,0.4586,0.002,0.075,0.3978,0.0666
782,0.211,0.0012,0.1056,0.4886,0.1936
783,0.3006,0.0006,0.0612,0.191443333333,0.446156666667
784,0.6645,0.0,0.016,0.2412,0.0783
785,0.0126,0.0044,0.0106666666667,0.0004,0.971933333333
786,0.8272,0.0,0.001,0.1214,0.0504
787,0.0788,0.014,0.0334,0.256,0.6178
788,0.5886,0.0016,0.011,0.3458,0.053
789,0.3072,0.0,0.0132,0.46971,0.20989
790,0.5494,0.0,0.0388,0.09,0.3218
791,0.372,0.0,0.049,0.0982,0.4808
792,0.1071,0.0018,0.0144,0.1988,0.6779
793,0.5464,0.0038,0.0048,0.1544,0.2906
794,0.3222,0.0,0.0238,0.4916,0.1624
795,0.2882,0.0006,0.0502,0.5178,0.1432
796,0.1792,0.0024,0.0292,0.414,0.3752
797,0.524,0.0,0.0314,0.1678,0.2768
798,0.494,0.0,0.0286,0.3076,0.1698
799,0.619,0.0012,0.0436,0.1944,0.1418
800,0.6544,0.0,0.0014,0.2304,0.1138
801,0.758,0.0002,0.0098,0.0656,0.1664
802,0.2808,0.0012,0.048,0.4564,0.2136
803,0.6228,0.0022,0.0204,0.0552,0.2994
804,0.4245,0.0002,0.0108,0.4322,0.1323
805,0.506583333333,0.0012,0.06135,0.1906,0.240266666667
806,0.1696,0.0582,0.135,0.004,0.6332
807,0.6678,0.0006,0.0046,0.0432,0.2838
808,0.8784,0.0002,0.0012,0.0294,0.0908
809,0.1004,0.0698,0.0502,0.4008,0.3788
810,0.0112,0.0178,0.026,0.00761,0.93739
811,0.354033333333,0.0004,0.024,0.212766666667,0.4088
812,0.5785,0.0,0.0136,0.1156,0.2923
813,0.4516,0.0014,0.0034,0.467,0.0766
814,0.4202,0.002,0.01,0.0994,0.4684
815,0.309433333333,0.0,0.0118,0.5832,0.0955666666667
816,0.480003333333,0.0018,0.0428,0.1325,0.342896666667
817,0.7702,0.0,0.0006,0.0658,0.1634
818,0.2866,0.0,0.0226,0.5892,0.1016
819,0.6566,0.002,0.0044,0.0178,0.3192
820,0.3207,0.004,0.0276,0.059,0.5887
821,0.0642,0.001,0.01885,0.0124,0.90355
822,0.1188,0.018,0.0852,0.0456,0.7324
823,0.0242,0.0142,0.0566,0.00226666666667,0.902733333333
824,0.203556666667,0.0,0.023,0.246643333333,0.5268
825,0.5914,0.0,0.0148,0.1488,0.245
826,0.6354,0.0028,0.0244333333333,0.1158,0.221566666667
827,0.252498333333,0.0196,0.1522,0.0054,0.570301666667
828,0.5122,0.0002,0.072,0.127,0.2886
829,0.371,0.0,0.0066,0.5036,0.1188
830,0.05,0.0274,0.0544,0.0092,0.859
831,0.948518333333,0.0028,0.0044,0.0118,0.0324816666667
832,0.5666,0.0,0.0042,0.1726,0.2566
833,0.154466666667,0.0119766666667,0.015,0.005,0.813556666667
834,0.7184,0.0,0.0108,0.0402,0.2306
835,0.125,0.0018,0.0386,0.6888,0.1458
836,0.1754,0.0002,0.0116,0.2372,0.5756
837,0.4036,0.0002,0.1108,0.417,0.0684
838,0.0458,0.0218,0.4628,0.0664,0.4032
839,0.0302,0.0116,0.0982466666667,0.017,0.842953333333
840,0.4491,0.0,0.00505666666667,0.470243333333,0.0756
841,0.79075,0.0002,0.0094,0.024,0.17565
842,0.629143333333,0.0,0.0012,0.0048,0.364856666667
843,0.3382,0.0016,0.1114,0.2892,0.2596
844,0.3082,0.0058,0.00423333333333,0.6414,0.0403666666667
845,0.9707,0.0,0.0042,0.0066,0.0185
846,0.3104,0.0014,0.0118,0.4944,0.182
847,0.845153333333,0.0,0.0002,0.0,0.154646666667
848,0.021,0.0024,0.0366,0.0051,0.9349
849,0.5567,0.0,0.0152,0.241,0.1871
850,0.6684,0.0004,0.0022,0.2606,0.0684
851,0.541116666667,0.002,0.0132,0.2928,0.150883333333
852,0.234130952381,0.0,0.1102,0.338266666667,0.317402380952
853,0.0668,0.0058,0.0378,0.0204,0.8692
854,0.2526,0.0002,0.015,0.62012,0.11208
855,0.8234,0.0018,0.0036,0.0364,0.1348
856,0.0002,0.0002,0.0148,0.0004,0.9844
857,0.6898,0.0004,0.0026,0.1898,0.1174
858,0.0852,0.0,0.0382,0.1494,0.7272
859,0.854566666667,0.0004,0.0271,0.0044,0.113533333333
860,0.516457142857,0.0002,0.0102,0.415303333333,0.0578395238095
861,0.024,0.0002,0.0306,0.0014,0.9438
862,0.29924,0.0002,0.0312,0.4698,0.19956
863,0.3154,0.0004,0.0072,0.046,0.631
864,0.0976,0.0232,0.0452,0.0148,0.8192
865,0.0826,0.003,0.0154,0.0056,0.8934
866,0.3034,0.0,0.1526,0.2323,0.3117
867,0.0,0.001,0.0138,0.0,0.9852
868,0.5716,0.0,0.021,0.3614,0.046
869,0.0368,0.0222,0.0869166666667,0.0026,0.851483333333
870,0.623066666667,0.0,0.0126,0.2792,0.0851333333333
871,0.5488,0.0002,0.0062,0.27215,0.17265
872,0.25,0.0002,0.0216,0.2304,0.4978
873,0.201,0.0028,0.0286,0.70825,0.05935
874,0.711233333333,0.025,0.049,0.00636666666667,0.2084
875,0.4942,0.0,0.014,0.379,0.1128
876,0.4406,0.002,0.0206,0.3586,0.1782
877,0.957983333333,0.0014,0.00531666666667,0.005,0.0303
878,0.2878,0.0008,0.0348,0.258533333333,0.418066666667
879,0.119,0.0014,0.1282,0.5724,0.179
880,0.1802,0.0002,0.0286,0.4472,0.3438
881,0.831683333333,0.0008,0.0034,0.023,0.141116666667
882,0.9064,0.0044,0.0152,0.004,0.07
883,0.379,0.0,0.0602,0.44101,0.11979
884,0.1558,0.0014,0.087,0.6384,0.1174
885,0.9842,0.0,0.0004,0.0046,0.0108
886,0.5194,0.0006,0.0076,0.402926666667,0.0694733333333
887,0.2812,0.0006,0.013,0.1545,0.5507
888,0.897716666667,0.0038,0.0166,0.00208333333333,0.0798
889,0.9872,0.0,0.0,0.0024,0.0104
890,0.0038,0.0008,0.0044,0.0002,0.9908
891,0.0438,0.0008,0.12107,0.2524,0.58193
892,0.0963,0.0012,0.018,0.0952,0.7893
893,0.9036,0.0008,0.0,0.003,0.0926
894,0.1204,0.0008,0.2106,0.4972,0.171
895,0.1146,0.0074,0.2812,0.0168,0.58
896,0.3764,0.0116,0.056,0.0012,0.5548
897,0.952633333333,0.0,0.002,0.00696666666667,0.0384
898,0.537266666667,0.0006,0.0176,0.209333333333,0.2352
899,0.0638,0.0126,0.1808,0.0238,0.719
900,0.1572,0.00638,0.0642,0.0094,0.76282
901,0.841153333333,0.0016,0.003,0.0016,0.152646666667
902,0.70451,0.0,0.0248,0.17369,0.097
903,0.0032,0.003,0.019,0.0002,0.9746
904,0.8974,0.0102,0.0044,0.0176,0.0704
905,0.7918,0.0,0.001,0.006,0.2012
906,0.69916952381,0.0002,0.0118,0.124806666667,0.164023809524
907,0.6422,0.0,0.003,0.12906,0.22574
908,0.0736,0.0006,0.0232,0.0048,0.8978
909,0.4186,0.0004,0.0826,0.3238,0.1746
910,0.18435,0.0,0.0542333333333,0.303813333333,0.457603333333
911,0.2688,0.0018,0.0136,0.1806,0.5352
912,0.0351,0.0006,0.0232333333333,0.0039,0.937166666667
913,0.4014,0.0002,0.0372,0.3594,0.2018
914,0.1,0.0094,0.016,0.0008,0.8738
915,0.0646,0.0056,0.0157666666667,0.0104,0.903633333333
916,0.29235,0.0004,0.086,0.289466666667,0.331783333333
917,0.126533333333,0.0,0.0006,0.133266666667,0.7396
918,0.1414,0.0098,0.0428,0.0108,0.7952
919,0.0056,0.0016,0.1076,0.0012,0.884
920,0.4074,0.0,0.089,0.3584,0.1452
921,0.901,0.0,0.0006,0.0436,0.0548
922,0.5516,0.0006,0.0058,0.3272,0.1148
923,0.601833333333,0.0008,0.0302,0.142366666667,0.2248
924,0.288228571429,0.0556333333333,0.0622,0.0106,0.583338095238
925,0.9816,0.0,0.0024,0.0056,0.0104
926,0.799,0.0,0.0118,0.0408,0.1484
927,0.8362,0.0,0.006,0.0976,0.0602
928,0.5146,0.0,0.0396,0.3066,0.1392
929,0.3674,0.0,0.0324,0.4028,0.1974
930,0.6392,0.0002,0.0064,0.2024,0.1518
931,0.011,0.003,0.0392,0.006,0.9408
932,0.2074,0.0004,0.0256,0.1428,0.6238
933,0.8622,0.0006,0.005,0.0332,0.099
934,0.5092,0.0006,0.02091,0.1224,0.34689
935,0.0158,0.0014,0.0458,0.0182,0.9188
936,0.7125,0.0014,0.0136,0.1439,0.1286
937,0.353666666667,0.0008,0.0266,0.282133333333,0.3368
